{
 "cells": [
  {
   "cell_type": "markdown",
   "id": "dc38f977",
   "metadata": {},
   "source": [
    "## Importing necessary libraries"
   ]
  },
  {
   "cell_type": "code",
   "execution_count": 1,
   "id": "e0d17462",
   "metadata": {},
   "outputs": [],
   "source": [
    "import pandas as pd"
   ]
  },
  {
   "cell_type": "markdown",
   "id": "fd7dde18",
   "metadata": {},
   "source": [
    "### Reading the Manually Extracted Dataset from SEC's EDGAR's database\n",
    "\n",
    "https://www.sec.gov/edgar/browse/?CIK=789019&owner=exclude"
   ]
  },
  {
   "cell_type": "code",
   "execution_count": 2,
   "id": "d13fc5d1",
   "metadata": {},
   "outputs": [
    {
     "data": {
      "text/html": [
       "<div>\n",
       "<style scoped>\n",
       "    .dataframe tbody tr th:only-of-type {\n",
       "        vertical-align: middle;\n",
       "    }\n",
       "\n",
       "    .dataframe tbody tr th {\n",
       "        vertical-align: top;\n",
       "    }\n",
       "\n",
       "    .dataframe thead th {\n",
       "        text-align: right;\n",
       "    }\n",
       "</style>\n",
       "<table border=\"1\" class=\"dataframe\">\n",
       "  <thead>\n",
       "    <tr style=\"text-align: right;\">\n",
       "      <th></th>\n",
       "      <th>Year</th>\n",
       "      <th>Total Revenue</th>\n",
       "      <th>Net Income</th>\n",
       "      <th>Total Assets</th>\n",
       "      <th>Total Liabilities</th>\n",
       "      <th>Cash Flow from Operating Activities</th>\n",
       "      <th>Company</th>\n",
       "    </tr>\n",
       "  </thead>\n",
       "  <tbody>\n",
       "    <tr>\n",
       "      <th>0</th>\n",
       "      <td>2023</td>\n",
       "      <td>211915</td>\n",
       "      <td>72361</td>\n",
       "      <td>411976</td>\n",
       "      <td>205753</td>\n",
       "      <td>87582</td>\n",
       "      <td>Microsoft</td>\n",
       "    </tr>\n",
       "    <tr>\n",
       "      <th>1</th>\n",
       "      <td>2022</td>\n",
       "      <td>198270</td>\n",
       "      <td>72738</td>\n",
       "      <td>364840</td>\n",
       "      <td>198298</td>\n",
       "      <td>89035</td>\n",
       "      <td>Microsoft</td>\n",
       "    </tr>\n",
       "    <tr>\n",
       "      <th>2</th>\n",
       "      <td>2021</td>\n",
       "      <td>168088</td>\n",
       "      <td>61271</td>\n",
       "      <td>333779</td>\n",
       "      <td>191791</td>\n",
       "      <td>76740</td>\n",
       "      <td>Microsoft</td>\n",
       "    </tr>\n",
       "    <tr>\n",
       "      <th>3</th>\n",
       "      <td>2023</td>\n",
       "      <td>96773</td>\n",
       "      <td>14974</td>\n",
       "      <td>106618</td>\n",
       "      <td>43009</td>\n",
       "      <td>13256</td>\n",
       "      <td>Tesla</td>\n",
       "    </tr>\n",
       "    <tr>\n",
       "      <th>4</th>\n",
       "      <td>2022</td>\n",
       "      <td>81462</td>\n",
       "      <td>12556</td>\n",
       "      <td>82338</td>\n",
       "      <td>36440</td>\n",
       "      <td>14724</td>\n",
       "      <td>Tesla</td>\n",
       "    </tr>\n",
       "    <tr>\n",
       "      <th>5</th>\n",
       "      <td>2021</td>\n",
       "      <td>53821</td>\n",
       "      <td>5519</td>\n",
       "      <td>62131</td>\n",
       "      <td>30548</td>\n",
       "      <td>11497</td>\n",
       "      <td>Tesla</td>\n",
       "    </tr>\n",
       "    <tr>\n",
       "      <th>6</th>\n",
       "      <td>2023</td>\n",
       "      <td>383285</td>\n",
       "      <td>96995</td>\n",
       "      <td>352583</td>\n",
       "      <td>290437</td>\n",
       "      <td>110543</td>\n",
       "      <td>Apple</td>\n",
       "    </tr>\n",
       "    <tr>\n",
       "      <th>7</th>\n",
       "      <td>2022</td>\n",
       "      <td>394328</td>\n",
       "      <td>99803</td>\n",
       "      <td>352755</td>\n",
       "      <td>302083</td>\n",
       "      <td>122151</td>\n",
       "      <td>Apple</td>\n",
       "    </tr>\n",
       "    <tr>\n",
       "      <th>8</th>\n",
       "      <td>2021</td>\n",
       "      <td>365817</td>\n",
       "      <td>94680</td>\n",
       "      <td>351002</td>\n",
       "      <td>287912</td>\n",
       "      <td>104038</td>\n",
       "      <td>Apple</td>\n",
       "    </tr>\n",
       "  </tbody>\n",
       "</table>\n",
       "</div>"
      ],
      "text/plain": [
       "   Year  Total Revenue  Net Income  Total Assets  Total Liabilities  \\\n",
       "0  2023         211915       72361        411976             205753   \n",
       "1  2022         198270       72738        364840             198298   \n",
       "2  2021         168088       61271        333779             191791   \n",
       "3  2023          96773       14974        106618              43009   \n",
       "4  2022          81462       12556         82338              36440   \n",
       "5  2021          53821        5519         62131              30548   \n",
       "6  2023         383285       96995        352583             290437   \n",
       "7  2022         394328       99803        352755             302083   \n",
       "8  2021         365817       94680        351002             287912   \n",
       "\n",
       "   Cash Flow from Operating Activities    Company  \n",
       "0                                87582  Microsoft  \n",
       "1                                89035  Microsoft  \n",
       "2                                76740  Microsoft  \n",
       "3                                13256      Tesla  \n",
       "4                                14724      Tesla  \n",
       "5                                11497      Tesla  \n",
       "6                               110543      Apple  \n",
       "7                               122151      Apple  \n",
       "8                               104038      Apple  "
      ]
     },
     "execution_count": 2,
     "metadata": {},
     "output_type": "execute_result"
    }
   ],
   "source": [
    "df=pd.read_csv('Initial.csv')\n",
    "df"
   ]
  },
  {
   "cell_type": "markdown",
   "id": "0a72e8ce",
   "metadata": {},
   "source": [
    "sort the values of year in ascending order grouped by \n",
    "\n",
    "company's name for more further analysis"
   ]
  },
  {
   "cell_type": "code",
   "execution_count": 3,
   "id": "293d4b6d",
   "metadata": {},
   "outputs": [
    {
     "data": {
      "text/html": [
       "<div>\n",
       "<style scoped>\n",
       "    .dataframe tbody tr th:only-of-type {\n",
       "        vertical-align: middle;\n",
       "    }\n",
       "\n",
       "    .dataframe tbody tr th {\n",
       "        vertical-align: top;\n",
       "    }\n",
       "\n",
       "    .dataframe thead th {\n",
       "        text-align: right;\n",
       "    }\n",
       "</style>\n",
       "<table border=\"1\" class=\"dataframe\">\n",
       "  <thead>\n",
       "    <tr style=\"text-align: right;\">\n",
       "      <th></th>\n",
       "      <th>Year</th>\n",
       "      <th>Total Revenue</th>\n",
       "      <th>Net Income</th>\n",
       "      <th>Total Assets</th>\n",
       "      <th>Total Liabilities</th>\n",
       "      <th>Cash Flow from Operating Activities</th>\n",
       "      <th>Company</th>\n",
       "    </tr>\n",
       "  </thead>\n",
       "  <tbody>\n",
       "    <tr>\n",
       "      <th>0</th>\n",
       "      <td>2021</td>\n",
       "      <td>365817</td>\n",
       "      <td>94680</td>\n",
       "      <td>351002</td>\n",
       "      <td>287912</td>\n",
       "      <td>104038</td>\n",
       "      <td>Apple</td>\n",
       "    </tr>\n",
       "    <tr>\n",
       "      <th>1</th>\n",
       "      <td>2022</td>\n",
       "      <td>394328</td>\n",
       "      <td>99803</td>\n",
       "      <td>352755</td>\n",
       "      <td>302083</td>\n",
       "      <td>122151</td>\n",
       "      <td>Apple</td>\n",
       "    </tr>\n",
       "    <tr>\n",
       "      <th>2</th>\n",
       "      <td>2023</td>\n",
       "      <td>383285</td>\n",
       "      <td>96995</td>\n",
       "      <td>352583</td>\n",
       "      <td>290437</td>\n",
       "      <td>110543</td>\n",
       "      <td>Apple</td>\n",
       "    </tr>\n",
       "    <tr>\n",
       "      <th>3</th>\n",
       "      <td>2021</td>\n",
       "      <td>168088</td>\n",
       "      <td>61271</td>\n",
       "      <td>333779</td>\n",
       "      <td>191791</td>\n",
       "      <td>76740</td>\n",
       "      <td>Microsoft</td>\n",
       "    </tr>\n",
       "    <tr>\n",
       "      <th>4</th>\n",
       "      <td>2022</td>\n",
       "      <td>198270</td>\n",
       "      <td>72738</td>\n",
       "      <td>364840</td>\n",
       "      <td>198298</td>\n",
       "      <td>89035</td>\n",
       "      <td>Microsoft</td>\n",
       "    </tr>\n",
       "    <tr>\n",
       "      <th>5</th>\n",
       "      <td>2023</td>\n",
       "      <td>211915</td>\n",
       "      <td>72361</td>\n",
       "      <td>411976</td>\n",
       "      <td>205753</td>\n",
       "      <td>87582</td>\n",
       "      <td>Microsoft</td>\n",
       "    </tr>\n",
       "    <tr>\n",
       "      <th>6</th>\n",
       "      <td>2021</td>\n",
       "      <td>53821</td>\n",
       "      <td>5519</td>\n",
       "      <td>62131</td>\n",
       "      <td>30548</td>\n",
       "      <td>11497</td>\n",
       "      <td>Tesla</td>\n",
       "    </tr>\n",
       "    <tr>\n",
       "      <th>7</th>\n",
       "      <td>2022</td>\n",
       "      <td>81462</td>\n",
       "      <td>12556</td>\n",
       "      <td>82338</td>\n",
       "      <td>36440</td>\n",
       "      <td>14724</td>\n",
       "      <td>Tesla</td>\n",
       "    </tr>\n",
       "    <tr>\n",
       "      <th>8</th>\n",
       "      <td>2023</td>\n",
       "      <td>96773</td>\n",
       "      <td>14974</td>\n",
       "      <td>106618</td>\n",
       "      <td>43009</td>\n",
       "      <td>13256</td>\n",
       "      <td>Tesla</td>\n",
       "    </tr>\n",
       "  </tbody>\n",
       "</table>\n",
       "</div>"
      ],
      "text/plain": [
       "   Year  Total Revenue  Net Income  Total Assets  Total Liabilities  \\\n",
       "0  2021         365817       94680        351002             287912   \n",
       "1  2022         394328       99803        352755             302083   \n",
       "2  2023         383285       96995        352583             290437   \n",
       "3  2021         168088       61271        333779             191791   \n",
       "4  2022         198270       72738        364840             198298   \n",
       "5  2023         211915       72361        411976             205753   \n",
       "6  2021          53821        5519         62131              30548   \n",
       "7  2022          81462       12556         82338              36440   \n",
       "8  2023          96773       14974        106618              43009   \n",
       "\n",
       "   Cash Flow from Operating Activities    Company  \n",
       "0                               104038      Apple  \n",
       "1                               122151      Apple  \n",
       "2                               110543      Apple  \n",
       "3                                76740  Microsoft  \n",
       "4                                89035  Microsoft  \n",
       "5                                87582  Microsoft  \n",
       "6                                11497      Tesla  \n",
       "7                                14724      Tesla  \n",
       "8                                13256      Tesla  "
      ]
     },
     "execution_count": 3,
     "metadata": {},
     "output_type": "execute_result"
    }
   ],
   "source": [
    "df=df.sort_values(by=['Company','Year'])\n",
    "df = df.reset_index(drop=True)\n",
    "df"
   ]
  },
  {
   "cell_type": "markdown",
   "id": "d4c20ceb",
   "metadata": {},
   "source": [
    "####  we will calculate year-over-year changes for each financial metric for Total Revenue and Net Income"
   ]
  },
  {
   "cell_type": "code",
   "execution_count": 4,
   "id": "2b842ddc",
   "metadata": {},
   "outputs": [
    {
     "data": {
      "text/html": [
       "<div>\n",
       "<style scoped>\n",
       "    .dataframe tbody tr th:only-of-type {\n",
       "        vertical-align: middle;\n",
       "    }\n",
       "\n",
       "    .dataframe tbody tr th {\n",
       "        vertical-align: top;\n",
       "    }\n",
       "\n",
       "    .dataframe thead th {\n",
       "        text-align: right;\n",
       "    }\n",
       "</style>\n",
       "<table border=\"1\" class=\"dataframe\">\n",
       "  <thead>\n",
       "    <tr style=\"text-align: right;\">\n",
       "      <th></th>\n",
       "      <th>Year</th>\n",
       "      <th>Total Revenue</th>\n",
       "      <th>Net Income</th>\n",
       "      <th>Total Assets</th>\n",
       "      <th>Total Liabilities</th>\n",
       "      <th>Cash Flow from Operating Activities</th>\n",
       "      <th>Company</th>\n",
       "      <th>Revenue Growth(%)</th>\n",
       "      <th>Net Income Growth(%)</th>\n",
       "    </tr>\n",
       "  </thead>\n",
       "  <tbody>\n",
       "    <tr>\n",
       "      <th>0</th>\n",
       "      <td>2021</td>\n",
       "      <td>365817</td>\n",
       "      <td>94680</td>\n",
       "      <td>351002</td>\n",
       "      <td>287912</td>\n",
       "      <td>104038</td>\n",
       "      <td>Apple</td>\n",
       "      <td>NaN</td>\n",
       "      <td>NaN</td>\n",
       "    </tr>\n",
       "    <tr>\n",
       "      <th>1</th>\n",
       "      <td>2022</td>\n",
       "      <td>394328</td>\n",
       "      <td>99803</td>\n",
       "      <td>352755</td>\n",
       "      <td>302083</td>\n",
       "      <td>122151</td>\n",
       "      <td>Apple</td>\n",
       "      <td>7.793788</td>\n",
       "      <td>5.410858</td>\n",
       "    </tr>\n",
       "    <tr>\n",
       "      <th>2</th>\n",
       "      <td>2023</td>\n",
       "      <td>383285</td>\n",
       "      <td>96995</td>\n",
       "      <td>352583</td>\n",
       "      <td>290437</td>\n",
       "      <td>110543</td>\n",
       "      <td>Apple</td>\n",
       "      <td>-2.800461</td>\n",
       "      <td>-2.813543</td>\n",
       "    </tr>\n",
       "    <tr>\n",
       "      <th>3</th>\n",
       "      <td>2021</td>\n",
       "      <td>168088</td>\n",
       "      <td>61271</td>\n",
       "      <td>333779</td>\n",
       "      <td>191791</td>\n",
       "      <td>76740</td>\n",
       "      <td>Microsoft</td>\n",
       "      <td>NaN</td>\n",
       "      <td>NaN</td>\n",
       "    </tr>\n",
       "    <tr>\n",
       "      <th>4</th>\n",
       "      <td>2022</td>\n",
       "      <td>198270</td>\n",
       "      <td>72738</td>\n",
       "      <td>364840</td>\n",
       "      <td>198298</td>\n",
       "      <td>89035</td>\n",
       "      <td>Microsoft</td>\n",
       "      <td>17.956071</td>\n",
       "      <td>18.715216</td>\n",
       "    </tr>\n",
       "    <tr>\n",
       "      <th>5</th>\n",
       "      <td>2023</td>\n",
       "      <td>211915</td>\n",
       "      <td>72361</td>\n",
       "      <td>411976</td>\n",
       "      <td>205753</td>\n",
       "      <td>87582</td>\n",
       "      <td>Microsoft</td>\n",
       "      <td>6.882030</td>\n",
       "      <td>-0.518299</td>\n",
       "    </tr>\n",
       "    <tr>\n",
       "      <th>6</th>\n",
       "      <td>2021</td>\n",
       "      <td>53821</td>\n",
       "      <td>5519</td>\n",
       "      <td>62131</td>\n",
       "      <td>30548</td>\n",
       "      <td>11497</td>\n",
       "      <td>Tesla</td>\n",
       "      <td>NaN</td>\n",
       "      <td>NaN</td>\n",
       "    </tr>\n",
       "    <tr>\n",
       "      <th>7</th>\n",
       "      <td>2022</td>\n",
       "      <td>81462</td>\n",
       "      <td>12556</td>\n",
       "      <td>82338</td>\n",
       "      <td>36440</td>\n",
       "      <td>14724</td>\n",
       "      <td>Tesla</td>\n",
       "      <td>51.357277</td>\n",
       "      <td>127.504983</td>\n",
       "    </tr>\n",
       "    <tr>\n",
       "      <th>8</th>\n",
       "      <td>2023</td>\n",
       "      <td>96773</td>\n",
       "      <td>14974</td>\n",
       "      <td>106618</td>\n",
       "      <td>43009</td>\n",
       "      <td>13256</td>\n",
       "      <td>Tesla</td>\n",
       "      <td>18.795267</td>\n",
       "      <td>19.257725</td>\n",
       "    </tr>\n",
       "  </tbody>\n",
       "</table>\n",
       "</div>"
      ],
      "text/plain": [
       "   Year  Total Revenue  Net Income  Total Assets  Total Liabilities  \\\n",
       "0  2021         365817       94680        351002             287912   \n",
       "1  2022         394328       99803        352755             302083   \n",
       "2  2023         383285       96995        352583             290437   \n",
       "3  2021         168088       61271        333779             191791   \n",
       "4  2022         198270       72738        364840             198298   \n",
       "5  2023         211915       72361        411976             205753   \n",
       "6  2021          53821        5519         62131              30548   \n",
       "7  2022          81462       12556         82338              36440   \n",
       "8  2023          96773       14974        106618              43009   \n",
       "\n",
       "   Cash Flow from Operating Activities    Company  Revenue Growth(%)  \\\n",
       "0                               104038      Apple                NaN   \n",
       "1                               122151      Apple           7.793788   \n",
       "2                               110543      Apple          -2.800461   \n",
       "3                                76740  Microsoft                NaN   \n",
       "4                                89035  Microsoft          17.956071   \n",
       "5                                87582  Microsoft           6.882030   \n",
       "6                                11497      Tesla                NaN   \n",
       "7                                14724      Tesla          51.357277   \n",
       "8                                13256      Tesla          18.795267   \n",
       "\n",
       "   Net Income Growth(%)  \n",
       "0                   NaN  \n",
       "1              5.410858  \n",
       "2             -2.813543  \n",
       "3                   NaN  \n",
       "4             18.715216  \n",
       "5             -0.518299  \n",
       "6                   NaN  \n",
       "7            127.504983  \n",
       "8             19.257725  "
      ]
     },
     "execution_count": 4,
     "metadata": {},
     "output_type": "execute_result"
    }
   ],
   "source": [
    "df['Revenue Growth(%)']=df.groupby('Company')['Total Revenue'].pct_change()*100\n",
    "df['Net Income Growth(%)']=df.groupby('Company')['Net Income'].pct_change()*100\n",
    "df"
   ]
  },
  {
   "cell_type": "markdown",
   "id": "f21fe0c0",
   "metadata": {},
   "source": [
    "from the above analysis we can observes the fall and rise of income and revenue growh over the few years, \n",
    "\n",
    "in the above data we are seeing the NaN value because for the year 2021 \n",
    "\n",
    "we are not considering the previous year values.\n",
    "\n",
    "Let us calculate some more financial metric year-over-year changes "
   ]
  },
  {
   "cell_type": "code",
   "execution_count": 5,
   "id": "186d338a",
   "metadata": {},
   "outputs": [
    {
     "data": {
      "text/html": [
       "<div>\n",
       "<style scoped>\n",
       "    .dataframe tbody tr th:only-of-type {\n",
       "        vertical-align: middle;\n",
       "    }\n",
       "\n",
       "    .dataframe tbody tr th {\n",
       "        vertical-align: top;\n",
       "    }\n",
       "\n",
       "    .dataframe thead th {\n",
       "        text-align: right;\n",
       "    }\n",
       "</style>\n",
       "<table border=\"1\" class=\"dataframe\">\n",
       "  <thead>\n",
       "    <tr style=\"text-align: right;\">\n",
       "      <th></th>\n",
       "      <th>Year</th>\n",
       "      <th>Total Revenue</th>\n",
       "      <th>Net Income</th>\n",
       "      <th>Total Assets</th>\n",
       "      <th>Total Liabilities</th>\n",
       "      <th>Cash Flow from Operating Activities</th>\n",
       "      <th>Company</th>\n",
       "      <th>Revenue Growth(%)</th>\n",
       "      <th>Net Income Growth(%)</th>\n",
       "      <th>Assests Growth(%)</th>\n",
       "      <th>Liabilities Growth(%)</th>\n",
       "      <th>CashFlow Growth(%)</th>\n",
       "    </tr>\n",
       "  </thead>\n",
       "  <tbody>\n",
       "    <tr>\n",
       "      <th>0</th>\n",
       "      <td>2021</td>\n",
       "      <td>365817</td>\n",
       "      <td>94680</td>\n",
       "      <td>351002</td>\n",
       "      <td>287912</td>\n",
       "      <td>104038</td>\n",
       "      <td>Apple</td>\n",
       "      <td>NaN</td>\n",
       "      <td>NaN</td>\n",
       "      <td>NaN</td>\n",
       "      <td>NaN</td>\n",
       "      <td>NaN</td>\n",
       "    </tr>\n",
       "    <tr>\n",
       "      <th>1</th>\n",
       "      <td>2022</td>\n",
       "      <td>394328</td>\n",
       "      <td>99803</td>\n",
       "      <td>352755</td>\n",
       "      <td>302083</td>\n",
       "      <td>122151</td>\n",
       "      <td>Apple</td>\n",
       "      <td>7.793788</td>\n",
       "      <td>5.410858</td>\n",
       "      <td>0.499427</td>\n",
       "      <td>4.921990</td>\n",
       "      <td>17.409985</td>\n",
       "    </tr>\n",
       "    <tr>\n",
       "      <th>2</th>\n",
       "      <td>2023</td>\n",
       "      <td>383285</td>\n",
       "      <td>96995</td>\n",
       "      <td>352583</td>\n",
       "      <td>290437</td>\n",
       "      <td>110543</td>\n",
       "      <td>Apple</td>\n",
       "      <td>-2.800461</td>\n",
       "      <td>-2.813543</td>\n",
       "      <td>-0.048759</td>\n",
       "      <td>-3.855232</td>\n",
       "      <td>-9.502992</td>\n",
       "    </tr>\n",
       "    <tr>\n",
       "      <th>3</th>\n",
       "      <td>2021</td>\n",
       "      <td>168088</td>\n",
       "      <td>61271</td>\n",
       "      <td>333779</td>\n",
       "      <td>191791</td>\n",
       "      <td>76740</td>\n",
       "      <td>Microsoft</td>\n",
       "      <td>NaN</td>\n",
       "      <td>NaN</td>\n",
       "      <td>NaN</td>\n",
       "      <td>NaN</td>\n",
       "      <td>NaN</td>\n",
       "    </tr>\n",
       "    <tr>\n",
       "      <th>4</th>\n",
       "      <td>2022</td>\n",
       "      <td>198270</td>\n",
       "      <td>72738</td>\n",
       "      <td>364840</td>\n",
       "      <td>198298</td>\n",
       "      <td>89035</td>\n",
       "      <td>Microsoft</td>\n",
       "      <td>17.956071</td>\n",
       "      <td>18.715216</td>\n",
       "      <td>9.305858</td>\n",
       "      <td>3.392756</td>\n",
       "      <td>16.021631</td>\n",
       "    </tr>\n",
       "    <tr>\n",
       "      <th>5</th>\n",
       "      <td>2023</td>\n",
       "      <td>211915</td>\n",
       "      <td>72361</td>\n",
       "      <td>411976</td>\n",
       "      <td>205753</td>\n",
       "      <td>87582</td>\n",
       "      <td>Microsoft</td>\n",
       "      <td>6.882030</td>\n",
       "      <td>-0.518299</td>\n",
       "      <td>12.919636</td>\n",
       "      <td>3.759493</td>\n",
       "      <td>-1.631942</td>\n",
       "    </tr>\n",
       "    <tr>\n",
       "      <th>6</th>\n",
       "      <td>2021</td>\n",
       "      <td>53821</td>\n",
       "      <td>5519</td>\n",
       "      <td>62131</td>\n",
       "      <td>30548</td>\n",
       "      <td>11497</td>\n",
       "      <td>Tesla</td>\n",
       "      <td>NaN</td>\n",
       "      <td>NaN</td>\n",
       "      <td>NaN</td>\n",
       "      <td>NaN</td>\n",
       "      <td>NaN</td>\n",
       "    </tr>\n",
       "    <tr>\n",
       "      <th>7</th>\n",
       "      <td>2022</td>\n",
       "      <td>81462</td>\n",
       "      <td>12556</td>\n",
       "      <td>82338</td>\n",
       "      <td>36440</td>\n",
       "      <td>14724</td>\n",
       "      <td>Tesla</td>\n",
       "      <td>51.357277</td>\n",
       "      <td>127.504983</td>\n",
       "      <td>32.523217</td>\n",
       "      <td>19.287678</td>\n",
       "      <td>28.068192</td>\n",
       "    </tr>\n",
       "    <tr>\n",
       "      <th>8</th>\n",
       "      <td>2023</td>\n",
       "      <td>96773</td>\n",
       "      <td>14974</td>\n",
       "      <td>106618</td>\n",
       "      <td>43009</td>\n",
       "      <td>13256</td>\n",
       "      <td>Tesla</td>\n",
       "      <td>18.795267</td>\n",
       "      <td>19.257725</td>\n",
       "      <td>29.488207</td>\n",
       "      <td>18.026894</td>\n",
       "      <td>-9.970117</td>\n",
       "    </tr>\n",
       "  </tbody>\n",
       "</table>\n",
       "</div>"
      ],
      "text/plain": [
       "   Year  Total Revenue  Net Income  Total Assets  Total Liabilities  \\\n",
       "0  2021         365817       94680        351002             287912   \n",
       "1  2022         394328       99803        352755             302083   \n",
       "2  2023         383285       96995        352583             290437   \n",
       "3  2021         168088       61271        333779             191791   \n",
       "4  2022         198270       72738        364840             198298   \n",
       "5  2023         211915       72361        411976             205753   \n",
       "6  2021          53821        5519         62131              30548   \n",
       "7  2022          81462       12556         82338              36440   \n",
       "8  2023          96773       14974        106618              43009   \n",
       "\n",
       "   Cash Flow from Operating Activities    Company  Revenue Growth(%)  \\\n",
       "0                               104038      Apple                NaN   \n",
       "1                               122151      Apple           7.793788   \n",
       "2                               110543      Apple          -2.800461   \n",
       "3                                76740  Microsoft                NaN   \n",
       "4                                89035  Microsoft          17.956071   \n",
       "5                                87582  Microsoft           6.882030   \n",
       "6                                11497      Tesla                NaN   \n",
       "7                                14724      Tesla          51.357277   \n",
       "8                                13256      Tesla          18.795267   \n",
       "\n",
       "   Net Income Growth(%)  Assests Growth(%)  Liabilities Growth(%)  \\\n",
       "0                   NaN                NaN                    NaN   \n",
       "1              5.410858           0.499427               4.921990   \n",
       "2             -2.813543          -0.048759              -3.855232   \n",
       "3                   NaN                NaN                    NaN   \n",
       "4             18.715216           9.305858               3.392756   \n",
       "5             -0.518299          12.919636               3.759493   \n",
       "6                   NaN                NaN                    NaN   \n",
       "7            127.504983          32.523217              19.287678   \n",
       "8             19.257725          29.488207              18.026894   \n",
       "\n",
       "   CashFlow Growth(%)  \n",
       "0                 NaN  \n",
       "1           17.409985  \n",
       "2           -9.502992  \n",
       "3                 NaN  \n",
       "4           16.021631  \n",
       "5           -1.631942  \n",
       "6                 NaN  \n",
       "7           28.068192  \n",
       "8           -9.970117  "
      ]
     },
     "execution_count": 5,
     "metadata": {},
     "output_type": "execute_result"
    }
   ],
   "source": [
    "df['Assests Growth(%)']=df.groupby('Company')['Total Assets'].pct_change()*100\n",
    "df['Liabilities Growth(%)']=df.groupby('Company')['Total Liabilities'].pct_change()*100\n",
    "df['CashFlow Growth(%)']=df.groupby('Company')['Cash Flow from Operating Activities'].pct_change()*100\n",
    "df"
   ]
  },
  {
   "cell_type": "markdown",
   "id": "ea792e38",
   "metadata": {},
   "source": [
    "Data Preparation is almost completed.Now, we have to clean the collected data\n",
    "\n",
    "we replace the NaN values with '0', to have easier and smoother analysis"
   ]
  },
  {
   "cell_type": "code",
   "execution_count": 6,
   "id": "d6665a9b",
   "metadata": {},
   "outputs": [
    {
     "data": {
      "text/html": [
       "<div>\n",
       "<style scoped>\n",
       "    .dataframe tbody tr th:only-of-type {\n",
       "        vertical-align: middle;\n",
       "    }\n",
       "\n",
       "    .dataframe tbody tr th {\n",
       "        vertical-align: top;\n",
       "    }\n",
       "\n",
       "    .dataframe thead th {\n",
       "        text-align: right;\n",
       "    }\n",
       "</style>\n",
       "<table border=\"1\" class=\"dataframe\">\n",
       "  <thead>\n",
       "    <tr style=\"text-align: right;\">\n",
       "      <th></th>\n",
       "      <th>Year</th>\n",
       "      <th>Total Revenue</th>\n",
       "      <th>Net Income</th>\n",
       "      <th>Total Assets</th>\n",
       "      <th>Total Liabilities</th>\n",
       "      <th>Cash Flow from Operating Activities</th>\n",
       "      <th>Company</th>\n",
       "      <th>Revenue Growth(%)</th>\n",
       "      <th>Net Income Growth(%)</th>\n",
       "      <th>Assests Growth(%)</th>\n",
       "      <th>Liabilities Growth(%)</th>\n",
       "      <th>CashFlow Growth(%)</th>\n",
       "    </tr>\n",
       "  </thead>\n",
       "  <tbody>\n",
       "    <tr>\n",
       "      <th>0</th>\n",
       "      <td>2021</td>\n",
       "      <td>365817</td>\n",
       "      <td>94680</td>\n",
       "      <td>351002</td>\n",
       "      <td>287912</td>\n",
       "      <td>104038</td>\n",
       "      <td>Apple</td>\n",
       "      <td>0.000000</td>\n",
       "      <td>0.000000</td>\n",
       "      <td>0.000000</td>\n",
       "      <td>0.000000</td>\n",
       "      <td>0.000000</td>\n",
       "    </tr>\n",
       "    <tr>\n",
       "      <th>1</th>\n",
       "      <td>2022</td>\n",
       "      <td>394328</td>\n",
       "      <td>99803</td>\n",
       "      <td>352755</td>\n",
       "      <td>302083</td>\n",
       "      <td>122151</td>\n",
       "      <td>Apple</td>\n",
       "      <td>7.793788</td>\n",
       "      <td>5.410858</td>\n",
       "      <td>0.499427</td>\n",
       "      <td>4.921990</td>\n",
       "      <td>17.409985</td>\n",
       "    </tr>\n",
       "    <tr>\n",
       "      <th>2</th>\n",
       "      <td>2023</td>\n",
       "      <td>383285</td>\n",
       "      <td>96995</td>\n",
       "      <td>352583</td>\n",
       "      <td>290437</td>\n",
       "      <td>110543</td>\n",
       "      <td>Apple</td>\n",
       "      <td>-2.800461</td>\n",
       "      <td>-2.813543</td>\n",
       "      <td>-0.048759</td>\n",
       "      <td>-3.855232</td>\n",
       "      <td>-9.502992</td>\n",
       "    </tr>\n",
       "    <tr>\n",
       "      <th>3</th>\n",
       "      <td>2021</td>\n",
       "      <td>168088</td>\n",
       "      <td>61271</td>\n",
       "      <td>333779</td>\n",
       "      <td>191791</td>\n",
       "      <td>76740</td>\n",
       "      <td>Microsoft</td>\n",
       "      <td>0.000000</td>\n",
       "      <td>0.000000</td>\n",
       "      <td>0.000000</td>\n",
       "      <td>0.000000</td>\n",
       "      <td>0.000000</td>\n",
       "    </tr>\n",
       "    <tr>\n",
       "      <th>4</th>\n",
       "      <td>2022</td>\n",
       "      <td>198270</td>\n",
       "      <td>72738</td>\n",
       "      <td>364840</td>\n",
       "      <td>198298</td>\n",
       "      <td>89035</td>\n",
       "      <td>Microsoft</td>\n",
       "      <td>17.956071</td>\n",
       "      <td>18.715216</td>\n",
       "      <td>9.305858</td>\n",
       "      <td>3.392756</td>\n",
       "      <td>16.021631</td>\n",
       "    </tr>\n",
       "    <tr>\n",
       "      <th>5</th>\n",
       "      <td>2023</td>\n",
       "      <td>211915</td>\n",
       "      <td>72361</td>\n",
       "      <td>411976</td>\n",
       "      <td>205753</td>\n",
       "      <td>87582</td>\n",
       "      <td>Microsoft</td>\n",
       "      <td>6.882030</td>\n",
       "      <td>-0.518299</td>\n",
       "      <td>12.919636</td>\n",
       "      <td>3.759493</td>\n",
       "      <td>-1.631942</td>\n",
       "    </tr>\n",
       "    <tr>\n",
       "      <th>6</th>\n",
       "      <td>2021</td>\n",
       "      <td>53821</td>\n",
       "      <td>5519</td>\n",
       "      <td>62131</td>\n",
       "      <td>30548</td>\n",
       "      <td>11497</td>\n",
       "      <td>Tesla</td>\n",
       "      <td>0.000000</td>\n",
       "      <td>0.000000</td>\n",
       "      <td>0.000000</td>\n",
       "      <td>0.000000</td>\n",
       "      <td>0.000000</td>\n",
       "    </tr>\n",
       "    <tr>\n",
       "      <th>7</th>\n",
       "      <td>2022</td>\n",
       "      <td>81462</td>\n",
       "      <td>12556</td>\n",
       "      <td>82338</td>\n",
       "      <td>36440</td>\n",
       "      <td>14724</td>\n",
       "      <td>Tesla</td>\n",
       "      <td>51.357277</td>\n",
       "      <td>127.504983</td>\n",
       "      <td>32.523217</td>\n",
       "      <td>19.287678</td>\n",
       "      <td>28.068192</td>\n",
       "    </tr>\n",
       "    <tr>\n",
       "      <th>8</th>\n",
       "      <td>2023</td>\n",
       "      <td>96773</td>\n",
       "      <td>14974</td>\n",
       "      <td>106618</td>\n",
       "      <td>43009</td>\n",
       "      <td>13256</td>\n",
       "      <td>Tesla</td>\n",
       "      <td>18.795267</td>\n",
       "      <td>19.257725</td>\n",
       "      <td>29.488207</td>\n",
       "      <td>18.026894</td>\n",
       "      <td>-9.970117</td>\n",
       "    </tr>\n",
       "  </tbody>\n",
       "</table>\n",
       "</div>"
      ],
      "text/plain": [
       "   Year  Total Revenue  Net Income  Total Assets  Total Liabilities  \\\n",
       "0  2021         365817       94680        351002             287912   \n",
       "1  2022         394328       99803        352755             302083   \n",
       "2  2023         383285       96995        352583             290437   \n",
       "3  2021         168088       61271        333779             191791   \n",
       "4  2022         198270       72738        364840             198298   \n",
       "5  2023         211915       72361        411976             205753   \n",
       "6  2021          53821        5519         62131              30548   \n",
       "7  2022          81462       12556         82338              36440   \n",
       "8  2023          96773       14974        106618              43009   \n",
       "\n",
       "   Cash Flow from Operating Activities    Company  Revenue Growth(%)  \\\n",
       "0                               104038      Apple           0.000000   \n",
       "1                               122151      Apple           7.793788   \n",
       "2                               110543      Apple          -2.800461   \n",
       "3                                76740  Microsoft           0.000000   \n",
       "4                                89035  Microsoft          17.956071   \n",
       "5                                87582  Microsoft           6.882030   \n",
       "6                                11497      Tesla           0.000000   \n",
       "7                                14724      Tesla          51.357277   \n",
       "8                                13256      Tesla          18.795267   \n",
       "\n",
       "   Net Income Growth(%)  Assests Growth(%)  Liabilities Growth(%)  \\\n",
       "0              0.000000           0.000000               0.000000   \n",
       "1              5.410858           0.499427               4.921990   \n",
       "2             -2.813543          -0.048759              -3.855232   \n",
       "3              0.000000           0.000000               0.000000   \n",
       "4             18.715216           9.305858               3.392756   \n",
       "5             -0.518299          12.919636               3.759493   \n",
       "6              0.000000           0.000000               0.000000   \n",
       "7            127.504983          32.523217              19.287678   \n",
       "8             19.257725          29.488207              18.026894   \n",
       "\n",
       "   CashFlow Growth(%)  \n",
       "0            0.000000  \n",
       "1           17.409985  \n",
       "2           -9.502992  \n",
       "3            0.000000  \n",
       "4           16.021631  \n",
       "5           -1.631942  \n",
       "6            0.000000  \n",
       "7           28.068192  \n",
       "8           -9.970117  "
      ]
     },
     "execution_count": 6,
     "metadata": {},
     "output_type": "execute_result"
    }
   ],
   "source": [
    "df=df.fillna(0)\n",
    "df"
   ]
  },
  {
   "cell_type": "markdown",
   "id": "aa1cc52d",
   "metadata": {},
   "source": [
    "Now, we can see that data is all clear with no null/NaN values and ready for further analysis"
   ]
  },
  {
   "cell_type": "markdown",
   "id": "eaabf141",
   "metadata": {},
   "source": [
    "As the next step, we will apply some aggregate functions on the data collected to understand the data more clearly."
   ]
  },
  {
   "cell_type": "code",
   "execution_count": 7,
   "id": "58986cf3",
   "metadata": {},
   "outputs": [
    {
     "data": {
      "text/html": [
       "<div>\n",
       "<style scoped>\n",
       "    .dataframe tbody tr th:only-of-type {\n",
       "        vertical-align: middle;\n",
       "    }\n",
       "\n",
       "    .dataframe tbody tr th {\n",
       "        vertical-align: top;\n",
       "    }\n",
       "\n",
       "    .dataframe thead th {\n",
       "        text-align: right;\n",
       "    }\n",
       "</style>\n",
       "<table border=\"1\" class=\"dataframe\">\n",
       "  <thead>\n",
       "    <tr style=\"text-align: right;\">\n",
       "      <th></th>\n",
       "      <th>Total Revenue</th>\n",
       "      <th>Net Income</th>\n",
       "      <th>Total Assets</th>\n",
       "      <th>Total Liabilities</th>\n",
       "      <th>Cash Flow from Operating Activities</th>\n",
       "      <th>Revenue Growth(%)</th>\n",
       "      <th>Net Income Growth(%)</th>\n",
       "      <th>Assests Growth(%)</th>\n",
       "      <th>Liabilities Growth(%)</th>\n",
       "      <th>CashFlow Growth(%)</th>\n",
       "    </tr>\n",
       "    <tr>\n",
       "      <th>Company</th>\n",
       "      <th></th>\n",
       "      <th></th>\n",
       "      <th></th>\n",
       "      <th></th>\n",
       "      <th></th>\n",
       "      <th></th>\n",
       "      <th></th>\n",
       "      <th></th>\n",
       "      <th></th>\n",
       "      <th></th>\n",
       "    </tr>\n",
       "  </thead>\n",
       "  <tbody>\n",
       "    <tr>\n",
       "      <th>Apple</th>\n",
       "      <td>381143.333333</td>\n",
       "      <td>97159.333333</td>\n",
